X Y
8,17250053 12,38353193
-0,37174995 -2,1300027
9,43286954 11,20886361
-2,14224485 -2,33897202
8,04956349 12,59183426
9,60459891 11,05650594
9,08229427 11,33946286
7,74365716 13,06659892
8,03320184 12,51844278
9,4052413 12,20871398
-0,79621393 -3,34934737
-0,5581862 -3,23747298
-2,06252594 -2,74457746
9,40497913 13,10802922
-0,18149594 -2,28561831
8,23374379 12,19152075
-2,27392588 -2,38822985
-2,21810009 -2,97305429
-2,55810468 -1,754807
8,3055293 11,45380425
9,67175527 12,95491505
8,50682324 12,02836857
-1,82028989 -1,89574312
9,25452828 11,06727567
-0,18032779 -3,36845443
8,62107208 11,28263918
-1,89462797 -2,76602253
7,6597843 12,21982309
9,80776438 12,92556479
9,11968848 11,57683201
9,28829089 12,71138242
-2,40620284 -2,8697282
9,76744848 11,89826847
-1,23727138 -1,31388442
9,30569919 12,71228212
8,09460094 11,32656639
-0,95013896 -2,88332414
-2,42984099 -1,7231785
-1,65847891 -3,25178918
-1,33431113 -2,46534508
8,83700954 10,99314668
7,55047613 12,262863
-1,86569988 -2,98698109
8,08987029 11,1661366
-1,73122989 -2,30729982
-2,00393279 -3,03540254
-1,88035994 -1,53231412
7,92078985 12,54447083
9,83862651 11,54480456
-0,78016675 -2,54312182
-2,71246272 -2,48915202
9,59380974 11,06241402
9,16073381 11,45525142
9,02465894 12,35909797
-1,78417227 -2,76516497
9,7368537 12,03606712
9,76640428 12,6435509
-0,68709065 -1,47869401
8,86560821 11,14913414
-0,99496817 -2,75065966
7,39407299 11,72956239
9,41511617 12,90302424
8,22327933 11,27887422
7,51534667 11,33414349
7,61409698 11,55365971
-0,84434583 -2,70122597
9,06702571 12,02327972
-2,65062905 -1,90331648
-1,27719595 -1,6718898
-1,44279985 -1,86726898
8,10343376 11,07356433
-1,88788516 -2,51962012
-2,53420748 -3,37861668
8,63171811 11,744485
-0,31473055 -3,3755501
-1,86764974 -2,58352762
-0,6846181 -2,09215584
8,36425457 11,82914051
-1,76285073 -1,8964604
9,08821397 12,536637
-2,50901407 -1,67191968
8,82638595 11,94957057
-1,67426537 -1,36586523
8,42521438 11,01234566
8,73620292 11,58262022
8,87046923 12,62236606
-0,48989906 -2,77332274
7,33896721 12,06022583
-1,05538599 -1,50558262
8,5997117 11,14978751
7,83333892 11,47664975
6,20178313 -0,91774717
-7,54079466 -9,18684962
-5,68779352 -12,27390915
12,16192965 -11,05977562
4,07232717 -7,08976761
-2,46718449 9,47087701
4,99735864 -8,43854363
-8,80917092 0,76894835
-9,623111 -1,42937929
