466 4
800
229 1417
849 1306
77 1175
234 546
1019 1399
1086 1422
433 1080
505 773
39 312
1166 1288
999 1179
722 1360
1256 1413
905 1340
1276 1388
874 1004
781 1288
961 1295
131 164
1009 1281
138 997
434 1132
1248 1293
925 1000
108 579
54 1316
500 647
1050 1423
831 1057
842 886
589 1331
214 340
942 1099
1167 1217
555 1428
697 803
805 1393
862 1103
504 726
425 1103
866 1155
34 130
670 1097
634 1251
682 1421
177 1092
11 666
1199 1307
619 1041
816 995
1280 1347
696 1029
360 667
422 732
1103 1106
1026 1266
175 354
648 1344
739 1397
23 62
452 1098
331 500
814 1159
1210 1380
189 481
385 1107
544 1228
467 1223
374 534
1288 1295
414 737
12 452
818 1173
694 992
25 128
454 1007
1159 1353
712 816
1266 1409
528 604
351 835
1057 1117
684 1302
398 445
295 989
1116 1341
550 1002
787 1069
27 794
851 1184
542 582
1189 1281
855 1006
480 880
1021 1428
81 260
412 818
968 1320
439 856
301 850
1069 1377
172 1353
796 1007
734 779
929 1084
940 1354
41 995
943 987
249 1405
679 1244
673 995
442 590
129 271
110 900
368 801
82 297
1270 1301
727 1085
1058 1152
642 810
646 778
476 1205
635 1339
548 646
717 1033
124 826
1063 1190
16 1148
186 696
1032 1393
50 334
1221 1245
418 1069
273 1311
1217 1427
427 742
837 1401
338 971
1138 1163
577 801
325 419
1064 1345
711 879
1073 1173
1051 1102
1104 1303
919 1164
981 1139
461 630
288 1201
896 1127
1020 1130
567 1167
421 1212
256 416
793 813
305 1333
471 828
312 816
99 779
949 1101
464 1399
583 948
1002 1238
843 1018
221 1419
1053 1152
661 1084
710 913
628 633
407 1226
324 518
1260 1402
1129 1194
951 1427
1030 1364
687 1316
992 1051
1163 1339
1161 1191
948 1388
956 968
70 988
103 137
875 1259
850 1162
220 1010
1120 1299
435 1121
4 759
1188 1348
1065 1247
1112 1121
289 1247
1286 1363
1059 1308
420 694
1240 1409
119 942
936 1428
714 738
801 948
575 1394
287 1312
1225 1375
121 562
1007 1353
237 518
90 921
225 1111
509 988
1126 1363
783 849
791 1141
372 1100
253 646
231 1286
1075 1319
833 1081
182 964
592 859
499 729
344 566
29 765
1200 1391
708 1381
401 1077
459 948
1282 1378
1024 1213
440 1219
799 855
519 1377
1071 1178
1043 1235
1209 1357
617 1229
297 1235
98 985
735 851
51 1388
1105 1328
676 946
702 1039
1127 1275
527 1351
1049 1356
645 1285
91 718
629 1352
1122 1206
984 1043
57 939
153 390
235 1237
809 1275
944 1101
415 611
1153 1277
953 1064
713 913
151 170
535 658
806 1327
1263 1327
1190 1317
1185 1206
1034 1230
991 1416
562 1311
789 1279
45 299
1236 1293
742 804
1267 1349
923 1248
408 1124
685 762
244 834
363 1323
732 1149
977 1274
478 1070
1196 1310
389 1121
1068 1220
48 1139
441 981
171 249
302 1256
655 1036
365 948
132 1201
1101 1304
215 900
274 543
1273 1407
1219 1354
785 805
764 1409
810 1123
612 641
409 1036
6 255
931 1035
674 1212
520 1220
771 1104
574 1009
604 850
689 841
719 1035
141 822
989 1209
561 1319
730 907
556 1426
756 1220
979 1134
317 1201
134 783
109 815
479 849
163 791
1099 1163
1011 1047
485 1384
1158 1277
1257 1280
1297 1395
487 1101
1160 1339
334 738
210 602
1216 1339
68 1097
1272 1329
74 1266
1170 1200
1097 1241
473 1324
1211 1326
656 1019
80 1406
920 1278
333 1214
1144 1317
370 1362
257 622
569 1055
17 375
1018 1289
1003 1120
493 1325
915 1342
933 1347
686 704
765 1001
1281 1387
928 1241
1285 1307
179 1143
460 717
637 862
669 712
1198 1371
1133 1383
640 1211
283 933
94 1409
270 521
957 1390
59 1212
128 726
61 897
709 1206
904 1258
743 918
315 709
445 945
367 452
118 579
446 882
993 1408
537 694
812 1193
21 1356
691 950
573 1107
140 936
884 973
150 501
1111 1138
941 1134
985 1192
1151 1300
887 1424
448 1308
75 1145
1045 1129
88 1225
33 589
117 721
1269 1412
53 173
848 1378
1262 1351
1226 1312
945 1056
1130 1212
429 1175
313 886
243 466
481 1290
1082 1208
1169 1365
453 634
101 402
552 743
268 970
358 1392
399 950
671 1385
755 796
1008 1039
219 981
1177 1382
947 1118
26 1112
502 1324
613 1350
647 1168
840 980
226 1050
296 1177
322 1336
692 789
335 588
145 347
1232 1364
381 758
19 660
594 825
1106 1108
1214 1394
1072 1130
1244 1297
681 1288
426 717
827 1358
835 1205
251 1281
972 1157
347 459
795 1296
624 1175
359 1184
822 828
1277 1325
15 792
378 809
1060 1098
1239 1267
760 1147
934 1107
1208 1290
1085 1399
641 1217
1121 1420
832 1415
183 1118
149 461
1022 1365
35 869
447 872
1137 1288
472 878
67 1038
1004 1117
1227 1307
749 1384
718 1236
159 436
187 741
438 797
224 418
319 1230
585 1246
477 1016
891 1087
423 490
738 1048
1029 1066
638 1022
769 895
1191 1235
223 1093
986 1295
44 678
122 1059
705 776
65 805
199 210
650 1167
927 1174
1079 1158
699 1187
1238 1295
982 1182
608 1018
952 1257
28 306
348 1356
839 1143
651 937
496 885
79 542
1025 1108
668 1022
86 443
486 771
43 1011
1090 1246
492 1367
774 1057
1212 1423
195 209
658 852
147 794
731 815
503 1345
474 705
32 1304
1055 1218
974 1291
578 652
790 1415
362 508
962 1218
166 993
1295 1386
1102 1269
1123 1360
1139 1189
330 777
900 1018
395 872
1092 1368
593 895
8 967
1204 1244
621 866
84 425
316 500
1195 1273
1241 1269
135 651
336 544
747 1039
636 1155
37 73
392 1079
659 1161
7 1190
1231 1379
343 1189
1098 1346
768 1012
1193 1366
318 320
701 1221
1117 1180
892 1364
60 1323
168 936
880 1388
1131 1392
763 1092
201 1416
259 783
160 1419
830 1004
1243 1348
1067 1307
508 915
413 444
725 1120
1237 1317
737 999
1205 1223
230 1108
726 1268
411 630
468 1338
417 558
546 813
596 1346
167 1149
581 620
276 341
1066 1099
545 1239
606 1376
663 1295
1077 1121
867 1294
630 1063
431 526
376 464
960 1025
71 348
990 1082
83 1223
1136 1272
394 440
185 936
238 735
845 1086
111 1033
970 1371
565 865
1148 1294
281 405
666 730
1128 1150
1040 1107
748 1098
597 684
404 612
1233 1328
497 534
250 911
883 1360
266 328
1300 1377
1229 1410
127 379
1 357
137 1123
277 935
383 1017
444 1388
1253 1295
265 889
1114 1315
31 1314
354 853
55 271
436 982
355 524
1171 1357
13 1145
1179 1261
938 1030
916 1389
798 1056
193 976
721 879
181 713
745 1265
811 1205
1143 1170
1291 1353
393 1138
1041 1137
242 833
73 929
551 905
1213 1362
1271 1298
1094 1142
488 703
40 1032
216 725
174 711
704 985
1110 1301
1202 1387
1156 1270
1230 1285
525 654
391 794
1203 1419
1084 1162
1027 1077
924 1217
563 663
170 802
125 1272
877 1242
515 908
1124 1324
416 641
279 289
533 1372
901 1040
254 445
1088 1285
66 674
913 1108
678 697
885 1331
1047 1096
741 856
157 1371
988 1354
906 1261
449 1428
706 1256
595 1211
272 878
198 756
154 1059
746 1013
1162 1327
512 1338
379 794
49 77
871 1241
1186 1419
846 1015
247 930
903 1116
143 406
1150 1211
922 1278
921 1409
954 1274
690 1364
864 999
432 800
349 598
450 615
495 1190
620 1344
876 884
521 1175
580 889
935 1219
819 1225
736 1007
1182 1418
1095 1396
964 1417
538 1301
1119 1268
932 1223
966 985
609 929
307 316
104 981
451 1045
566 757
144 998
524 817
1299 1330
639 1296
457 1417
1234 1253
1250 1295
105 235
1287 1422
339 522
627 1198
576 1081
76 782
958 1053
1149 1188
902 935
695 1062
817 904
653 1209
188 944
908 960
1108 1123
402 1367
779 1406
523 1069
233 877
156 343
590 886
2 462
142 1390
1015 1258
353 407
22 1243
1254 1351
178 1391
284 426
660 1134
264 697
605 634
910 1351
1028 1072
602 1008
700 1335
290 417
584 1260
494 789
1135 1174
