246
1000
664 1127
835 1410
582 1108
1192 1294
165 711
3 342
1188 1354
1149 1226
409 766
361 1316
1260 1353
390 964
880 1272
110 645
738 949
260 1329
719 929
544 738
127 537
949 1160
562 1123
1055 1119
146 716
854 1169
64 332
602 1270
1154 1166
505 579
422 915
622 1031
836 920
1014 1217
1129 1233
1002 1201
1071 1412
510 646
746 1196
184 1107
718 1343
335 486
1245 1261
651 852
439 888
94 838
1179 1294
78 511
1147 1420
1168 1315
660 842
999 1268
876 1025
839 1416
591 1331
425 1056
640 692
642 1354
662 1415
1015 1280
1108 1234
1203 1253
466 1251
963 1047
90 760
408 461
637 1123
93 839
694 1171
1070 1330
626 906
286 1027
518 1373
186 694
673 705
356 1366
1151 1159
1059 1348
4 117
384 1325
789 1348
1099 1367
884 1083
331 447
935 1191
991 1359
849 1403
433 1205
1019 1212
981 1005
1157 1308
1214 1306
722 1036
1110 1407
619 1392
329 834
1039 1044
1276 1322
1244 1352
1115 1175
193 616
617 910
26 1367
856 1421
256 592
939 1343
1155 1365
89 562
870 1237
23 738
650 1369
387 618
451 505
633 1093
1105 1161
576 594
982 1258
1290 1369
500 712
205 725
1305 1400
822 1040
1237 1285
121 225
864 1130
1170 1372
1257 1430
219 1323
1016 1300
2 598
596 978
1329 1344
383 737
851 1438
85 435
122 1266
360 913
777 863
463 851
527 621
667 1245
806 1048
305 1307
310 1416
1183 1290
1268 1289
904 1004
995 1110
1141 1152
561 1199
162 200
372 1007
691 700
1241 1363
91 1122
1212 1357
218 1222
185 567
1250 1283
120 1152
474 860
520 1366
1199 1415
44 1238
1044 1354
890 1005
431 837
930 1405
554 560
775 858
1082 1299
928 1422
1220 1281
255 1259
198 1137
1158 1202
203 993
1119 1120
798 817
1077 1129
509 1061
1227 1228
674 804
916 951
947 1264
1139 1148
900 927
299 900
1148 1217
621 1053
886 1168
958 1432
145 155
1312 1318
54 787
852 1314
985 1301
973 1428
292 1374
462 475
780 792
653 1190
540 640
805 1323
744 1383
1003 1182
151 1047
175 362
494 1077
756 1020
742 1020
950 1216
266 771
5 574
1135 1344
1208 1254
465 850
594 1059
119 922
772 806
432 1086
919 955
1327 1393
677 1227
992 1412
249 1280
560 984
721 906
1057 1334
1333 1334
1161 1279
278 919
376 1335
250 1038
723 927
814 1145
612 865
454 1020
1196 1306
132 843
514 704
511 616
347 1194
1189 1373
611 1083
710 1294
491 983
832 1088
74 1392
1200 1363
1334 1338
745 996
604 1307
406 1152
614 846
125 358
1087 1160
316 405
496 883
380 1192
274 1234
424 433
942 1121
1171 1412
1123 1352
988 1359
887 1359
109 1377
159 163
210 319
730 1070
18 840
364 1075
1215 1247
1131 1363
369 911
1052 1058
166 1270
41 689
107 813
133 1141
1262 1345
1164 1436
1124 1359
183 1292
73 1152
414 643
907 965
579 1172
1322 1366
1169 1388
764 1046
635 1374
1122 1341
716 1116
116 422
555 1126
416 815
620 1410
1145 1353
293 705
284 626
20 1052
105 1075
720 1273
1023 1161
180 1171
872 1335
792 884
1282 1326
212 1135
174 460
92 1197
954 1410
767 1092
1304 1321
1185 1251
1191 1403
802 901
53 588
891 1134
459 1413
1299 1335
1134 1272
287 1332
1084 1226
1072 1193
353 839
1104 1177
317 1415
81 138
253 944
457 1298
568 882
72 583
946 973
793 1364
29 711
448 860
410 1422
545 650
504 584
427 622
59 587
964 1124
714 1412
739 1087
178 837
484 1216
541 1189
1313 1347
1076 1362
401 1341
190 1369
428 1308
526 681
536 1302
140 212
1094 1195
810 1134
776 925
79 510
586 660
1243 1253
700 1325
106 421
929 1165
918 1293
143 609
868 1356
153 251
680 895
1043 1362
404 506
1187 1286
21 1116
696 759
842 889
1310 1363
955 1230
45 340
112 793
684 1125
1320 1408
97 260
874 1215
1095 1420
270 749
608 923
1246 1406
786 1283
1283 1377
239 1241
539 1009
154 942
244 556
765 912
752 1160
556 628
665 789
1075 1135
1128 1202
1 1112
56 881
80 1178
135 1398
1173 1228
1079 1103
308 1278
98 360
131 259
471 494
711 1017
543 1095
1089 1211
1335 1422
878 1095
348 1190
1194 1353
897 1315
885 1059
1126 1133
803 1251
1074 1398
359 956
1112 1355
490 971
618 1178
914 1144
1296 1319
371 1230
480 1348
669 1257
990 1233
288 510
549 1032
240 463
921 923
1251 1357
813 1281
413 811
7 513
599 999
571 1129
1253 1324
340 1394
417 880
192 1120
298 471
167 183
629 711
221 1202
1178 1241
375 550
297 549
1088 1194
567 1011
1140 1366
1284 1330
600 1423
649 1135
395 987
445 1001
894 977
355 1197
926 1368
1218 1388
268 771
478 761
1265 1312
142 1355
1028 1346
647 1320
351 776
785 934
1051 1430
473 876
871 1087
1163 1343
1136 1398
641 1123
834 1220
472 582
766 1175
1100 1300
352 1382
1271 1274
1045 1057
1289 1319
495 1298
932 1197
655 1391
550 729
743 979
177 559
953 1087
155 803
701 1274
606 1351
37 543
426 581
60 263
845 1388
405 594
712 967
1029 1079
100 591
1142 1243
325 1101
837 1375
68 125
52 67
86 237
523 1333
989 1030
595 1029
829 1002
461 958
588 1063
319 1196
863 1389
1340 1352
587 938
1153 1309
937 1133
67 512
342 401
267 1097
76 655
232 269
1204 1236
538 1355
1006 1012
1180 1366
1233 1316
610 866
858 1410
1005 1050
1217 1388
1118 1384
1287 1408
1326 1363
245 824
450 1002
676 1233
736 1136
663 1194
118 1253
630 1422
1314 1362
584 719
334 779
1255 1413
860 1178
974 1087
63 1243
762 999
47 865
551 720
394 860
957 1064
15 1081
666 1351
1137 1155
1026 1105
1325 1401
1197 1370
962 1161
336 761
209 913
207 1280
1235 1309
547 1383
1274 1419
456 1163
309 1338
242 708
1195 1264
790 1152
639 789
1030 1119
966 1126
149 455
223 988
1086 1214
1022 1395
1300 1372
134 906
1017 1345
366 1352
108 1298
734 1386
951 1051
403 832
1211 1355
343 570
1080 1379
773 1282
778 971
1009 1239
306 1201
751 1088
570 866
1264 1339
1177 1280
362 1325
688 1345
1035 1423
488 545
367 1421
1234 1290
277 1226
199 544
727 1221
1270 1322
905 1341
1224 1252
697 746
1225 1322
226 572
1041 1057
443 523
757 1186
1278 1298
1042 1415
1146 1196
1066 1296
636 1166
453 1236
1025 1298
506 661
1167 1345
1238 1350
1130 1295
235 246
708 1148
66 487
828 1056
1113 1390
1249 1267
338 864
279 1085
804 1228
123 461
164 559
920 1274
1117 1199
755 842
455 1312
339 1021
258 661
481 1322
983 1045
1302 1391
750 1070
848 990
498 862
531 1299
1073 1248
895 979
475 967
1307 1384
262 1400
1098 1217
479 882
1008 1300
350 434
248 627
824 900
69 1179
1111 1239
1033 1067
791 1026
144 1431
1037 1425
902 959
301 480
572 1055
330 829
1332 1349
1222 1293
111 222
386 604
898 917
1162 1181
489 1110
682 1294
103 376
615 1078
1021 1345
1048 1363
430 1144
702 708
464 1203
656 1393
1292 1422
855 1244
378 1321
843 978
733 1379
675 1115
922 1184
817 944
1319 1392
272 933
1311 1403
1181 1213
1085 1215
703 802
182 401
276 648
969 1111
683 1207
252 1059
1285 1408
357 726
830 1089
507 1439
1269 1316
873 1148
566 1318
875 1209
1336 1432
797 994
645 1343
1120 1395
168 1267
1318 1437
345 1333
1207 1409
477 744
735 1358
1175 1332
294 507
747 1239
70 313
503 779
732 1131
515 561
972 1207
254 748
435 1331
654 1054
787 1033
10 553
1159 1230
827 1127
901 1148
99 300
795 1154
173 1240
302 1312
1049 1150
699 1113
1221 1288
758 1014
1138 1440
1198 1276
534 861
51 902
259 980
960 1422
61 276
1210 1270
169 1076
312 527
1107 1312
686 766
197 1068
601 1336
643 1103
877 995
326 1282
1213 1268
581 1184
575 865
220 896
1013 1311
1156 1182
1011 1141
1106 1229
280 377
529 1229
1258 1324
148 293
881 987
908 1151
213 222
1275 1436
1172 1313
82 490
725 905
1323 1351
8 1012
1330 1350
737 1312
1279 1378
1062 1256
27 578
382 587
769 816
101 395
440 718
692 879
181 1114
788 868
243 334
313 1092
161 1045
607 1360
1061 1382
833 1099
1309 1379
251 319
1046 1416
157 1294
211 1106
104 661
1259 1357
564 1303
389 932
616 1039
55 1011
304 1377
923 1206
1058 1144
883 1153
729 1209
337 840
1254 1422
705 865
1239 1301
1038 1174
1078 1343
917 1075
458 758
1190 1214
363 787
269 1401
512 988
1291 1405
419 667
944 1272
726 1357
129 752
49 261
808 1270
823 847
497 1114
546 957
217 544
681 747
1069 1183
50 1284
661 1045
889 1347
1306 1321
117 1061
11 1397
1097 1378
225 1321
1090 1346
397 519
906 1274
542 1042
909 936
14 1438
84 264
388 1350
418 830
195 1427
381 868
638 1195
1012 1359
1000 1327
687 799
580 1401
841 1059
9 763
442 1294
794 1088
671 722
238 901
39 802
763 904
1303 1343
349 1137
31 871
420 1359
206 963
812 1267
30 951
33 1140
840 930
1256 1402
1338 1343
1081 1349
234 1127
1027 1308
204 601
956 1348
945 1129
948 1077
965 1282
1228 1252
707 820
333 775
996 1054
271 1153
749 967
1226 1236
997 1270
1092 1294
892 1420
646 1026
1202 1324
275 1329
959 1025
1060 1333
1242 1414
1273 1320
590 1108
130 810
22 92
976 1170
291 1264
1337 1437
295 493
58 513
160 1047
48 656
771 793
300 455
57 735
517 673
1316 1364
530 1255
139 479
1031 1234
1315 1389
724 1372
625 1103
597 1068
77 814
800 1302
592 1108
844 1408
1295 1429
846 1174
501 1228
984 1354
893 1342
938 968
508 1123
1328 1438
374 1214
811 1033
1150 1151
933 1124
502 973
1247 1321
782 1027
188 445
533 823
659 1075
483 1174
429 1240
1321 1374
513 1309
215 563
1047 1227
179 1385
1010 1101
13 1165
818 1257
273 904
819 869
460 738
444 1374
265 933
717 771
903 937
264 820
102 1140
695 1181
774 884
759 1408
809 1233
332 1239
95 1379
1018 1069
931 1026
987 990
779 1110
867 902
1050 1358
1056 1371
577 654
141 535
631 689
434 740
728 1040
