10000
3678
5858
5490
6384
8914
2768
4706
4960
2548
4462
8362
4814
4590
8816
2782
9786
8958
8970
4136
2176
4384
1816
4270
2644
9270
4420
3634
1404
6882
738
8270
4210
3418
5764
4556
6608
2858
9894
4528
5778
5314
8458
3566
9672
8072
7372
2040
5720
6934
6490
3082
418
2962
5228
7916
3758
6294
8318
8178
1106
4214
1508
2268
4532
9834
2414
8084
1122
7328
9234
9416
1858
4452
8428
8104
4518
9736
3428
5874
4626
1428
8442
1110
5932
7006
6698
7844
9130
8660
2780
9706
1620
3684
7812
6804
3262
3434
4578
1908
5468
7818
7964
9056
3996
6316
9096
7334
4170
316
376
2842
2126
9456
2940
6066
4118
290
226
4408
6354
3478
2654
8242
2414
8170
7822
5830
7730
4310
7546
6610
4986
5468
2752
6794
2554
8510
1282
6828
5948
1142
4510
2936
5188
1230
1718
2790
8596
8996
7956
7262
4410
9982
5316
6616
7764
6962
2902
2714
9892
6102
3888
4578
422
7768
5620
8086
730
7272
5900
3906
5394
1638
5232
866
2990
2126
782
432
4540
7846
2732
5912
5922
2536
6678
1310
5000
8350
1968
4646
3718
8604
3702
9098
2824
6702
3434
8032
9640
3490
5028
3948
5372
6804
5134
6158
800
2516
4048
3042
4678
8838
6306
3624
5010
8836
9016
6826
9486
2338
5332
300
1988
7072
8328
5924
3350
6536
1726
3600
9060
9460
1470
2912
8892
9022
3124
9700
3858
2986
2900
890
8504
6522
934
7286
2188
8856
4550
9490
900
2212
9250
5546
9322
8526
6248
6086
7870
9650
9688
7764
2996
7226
1860
8786
2622
5124
2426
9392
3764
8392
1424
3376
4226
1014
9792
5366
1738
856
3976
8282
2006
622
3232
4030
8560
5924
6288
2924
9332
2562
8346
1400
3288
5780
3436
9000
1368
1690
7964
7162
2994
1564
5894
9562
2462
2572
6224
3390
904
7408
7542
3242
5018
5314
7982
8840
6716
9694
8250
1534
1908
9330
7772
9034
5720
4484
1558
7388
6780
8982
1714
6152
8686
1640
4432
3874
2870
5958
8190
7840
4178
7288
4604
3580
5590
1406
6346
4742
8296
6664
9128
6604
1418
7372
7472
4864
6300
8046
5582
9708
7014
868
6454
8782
7576
4468
8852
682
3974
8302
1860
6372
722
650
2148
354
4294
4648
6168
340
1958
5956
2984
7080
5870
9380
5852
6666
6596
5230
8212
1754
8360
7192
7488
9844
5116
2684
6498
4830
4858
1994
1346
3042
9860
2944
6130
4774
6106
7604
748
8260
1104
8390
3390
2008
3116
1636
5104
8760
1070
6678
6510
1094
8118
8530
7560
9680
838
5998
7572
4402
7112
3470
4828
5212
5826
6188
8022
8508
2612
4582
5194
9130
8208
8226
1702
3096
3476
6532
6350
9136
4304
1470
5100
6128
4828
7460
4712
2000
4676
6552
7144
4340
1100
6256
2522
3762
2190
3412
6296
5118
4580
5008
3200
206
6264
7036
7502
1550
4160
5536
5146
870
9210
634
2568
480
1690
4828
4618
2094
8698
404
9396
1982
5812
5862
6266
9636
4156
5764
4152
4844
8694
4652
9160
6620
5972
376
4672
1072
7752
5660
9104
9716
6148
9394
4688
9018
1872
9012
1640
5622
9476
5734
2592
2286
6348
6542
7836
8002
2120
486
7438
2904
4858
1234
1946
3954
4580
3394
6098
6924
6426
7174
7900
6944
4926
3326
6002
9566
8964
4758
4966
8918
9232
3506
9670
1412
1182
380
8860
7750
3596
4654
6504
272
1208
9848
7890
9194
3274
7622
1552
2940
1438
4500
2726
4608
5862
6690
8446
626
6914
1168
9376
1052
706
1048
5480
9264
3494
2048
1274
6012
5848
2708
540
5052
5982
5918
2368
1666
2522
7040
7822
8290
4626
2448
8658
3908
9114
6572
1614
5160
4476
386
8834
9282
7284
2272
2102
3008
8284
4848
2488
956
5618
472
1892
2058
6708
8594
9414
9304
2722
294
9496
1390
6700
7660
2510
3616
5180
774
3238
2424
3728
900
2184
5156
4992
6396
8582
254
354
3328
7342
1680
1820
8298
8316
9712
872
8838
4904
7854
5314
8668
674
8458
3742
8464
3172
5234
6698
562
9166
5536
9914
8216
7804
4588
6802
2186
7596
6684
5598
7706
5462
7166
8550
5344
1994
6760
8926
4046
9330
2442
6822
7490
2958
6372
5848
1006
5510
8154
8546
3314
2568
2452
8862
7092
2908
990
5402
3792
9706
7536
8638
7122
7804
5178
2736
1418
1024
2598
9524
682
8628
9432
8142
2988
3648
7970
5848
8346
1738
3382
6492
8298
7688
5638
6338
3934
616
7858
2648
1914
924
7014
6014
5192
6234
5834
2566
7480
7186
9148
4432
5114
6348
8264
9204
5302
2030
6074
3266
1708
9722
5752
6624
7582
9450
5006
5264
2754
5986
4104
9708
9136
672
4984
8384
1574
3280
4952
7756
2334
2582
6764
8324
7288
3446
9364
3854
8502
5370
1330
6326
5334
1122
8736
8796
8298
4668
6368
3254
530
7308
4756
8502
8486
8890
2622
1104
7390
9978
1264
8680
5502
2966
4922
5960
5810
2022
2462
3572
886
1680
3358
6004
2776
6674
9624
2494
2484
8410
1432
9976
4064
8028
3702
672
9162
3168
4166
1146
9190
1282
4474
8164
2870
4154
1862
2732
9214
1032
7510
1690
3626
4238
9694
5370
4540
6528
6430
7250
1322
956
2228
6448
9250
7458
760
860
1948
2084
4224
3414
8060
2510
2574
9004
3174
8588
5278
5872
9704
278
3654
3138
4978
748
8684
8316
7248
5736
10000
1790
9382
9248
6792
4932
9060
950
7976
1936
7774
8606
3482
5618
1766
4824
9428
4890
1490
3916
9370
7204
1396
2774
4338
7482
4290
6838
5154
9982
2932
2554
1636
7748
7570
9598
6568
6990
9726
3804
9462
2240
4568
6454
2262
3116
8022
1784
9842
6796
2872
2880
238
4312
2114
8012
8544
2652
446
9948
4154
9872
2882
2082
8176
5858
5244
3496
1612
6956
5214
8910
4514
6092
1228
8468
4448
6114
4400
836
6564
7524
2324
7752
9084
3952
6654
5198
7820
370
8486
2760
5950
1402
9510
266
5946
9276
2824
3954
674
7390
8436
5312
4984
8484
5314
3258
4084
2820
3132
2146
8232
9828
4094
9618
3090
9358
9594
970
1740
2928
8590
2940
8524
7992
1596
3030
1792
3176
8902
4876
3302
706
3108
1380
2432
2292
6314
4386
3742
918
1522
6032
426
8158
3786
9738
1586
1696
372
7006
5860
3526
6842
1778
1194
7236
932
6400
8556
2336
4454
3482
5826
1876
7020
6566
7652
6248
8812
9344
8392
1126
8132
8584
5992
5602
3040
642
1324
4306
1002
886
6964
3618
5826
7920
4362
3112
4066
8356
3204
1342
8908
6728
2950
9786
7702
2514
324
7722
3478
9726
2376
1380
4250
6842
2634
3658
3586
4776
3486
3140
5426
8866
2510
2800
6476
6100
8016
5688
9652
8068
5418
1250
7852
2602
7902
3964
5152
1164
3200
9990
7634
9704
8380
9336
8732
2724
5234
2444
6138
6550
6746
3380
9022
8750
7474
824
1328
5292
6988
3824
9442
9846
2262
4810
3238
3306
2870
406
1492
5194
3496
7048
8182
7706
2156
306
3806
6264
9614
4986
1398
2190
4584
4920
9464
7098
4444
3628
3470
8624
5818
7366
6016
6028
4506
1674
4572
320
2986
5848
6118
896
1064
1540
6788
1470
3034
890
870
2498
4954
7828
7790
2014
5872
7218
4296
3352
2558
3854
6198
5524
1820
9176
5462
8740
3418
8246
7234
2168
7034
9478
1240
5708
7750
7048
824
8752
446
810
2330
2406
3532
4480
4492
6510
6560
6386
9118
4950
5426
470
9944
8634
9788
4354
4414
5816
5242
4886
6082
4250
1880
8770
2226
8568
6894
468
1988
3874
3836
4740
1098
1184
9920
2026
1176
6344
7714
5900
1854
4512
3442
4142
3218
2416
5200
8628
512
1998
1340
7572
4686
3572
1774
9178
6500
8606
6370
8968
6158
202
2684
4686
5602
4444
762
4690
9432
1984
8384
1440
732
8386
326
4084
2928
4816
8722
3844
8488
3054
7764
2666
5982
8310
8662
3940
3378
1262
8542
9378
2638
6128
9582
9790
2436
8594
7410
3976
2426
5576
6630
3110
6250
9616
1274
9586
5814
3172
6420
2138
678
6596
6844
5278
9382
8324
214
9092
220
8112
6234
7214
2304
6214
9842
7204
3752
5590
1400
5310
2216
654
2734
7008
4546
6054
9454
408
9178
6300
6352
4048
2244
4810
644
1174
8438
1126
1578
8670
7656
8516
1720
6472
8596
9844
8440
7720
9594
9614
6306
8288
5066
1494
6710
9084
9906
2504
5508
9246
1244
1114
1882
7224
474
1936
9912
6688
1354
4608
9794
8358
2342
9636
5602
5200
8340
404
1312
9890
4042
2866
8242
8418
8956
2200
1420
5800
7912
7466
3868
9050
9174
9362
2626
9312
4852
2014
3204
480
9104
5348
7524
2074
4398
1206
3240
7416
6732
7522
9580
5096
2234
8754
938
1284
7302
3192
6790
6078
8476
8316
4488
3006
6798
2668
2428
6828
3264
1754
9308
7786
7018
686
634
7344
5756
8476
622
9314
8480
5106
3688
1102
8334
9288
5944
8158
6636
4256
5858
7528
9888
4532
1596
6814
334
2886
5456
7874
8218
2376
2036
8828
7282
4068
2002
8574
2790
1698
2778
5434
5132
4324
5066
1606
8272
4216
9486
9426
7662
430
4128
320
4922
3434
4752
7660
7744
594
282
8772
7230
9220
3758
6608
5094
4008
4234
3956
4880
2498
8692
4198
2612
8070
3030
4550
3700
7298
5372
8496
4668
8028
1178
5748
754
5562
2882
4998
9966
6344
2940
8326
1832
8744
7628
630
7788
8804
6672
2970
8090
4704
4890
9724
8926
8526
6866
336
8070
6032
9896
9040
1528
2408
2010
2054
4280
6992
2334
6316
5942
6542
8524
6832
2552
7724
3100
8952
7058
2108
2174
2038
4312
1006
9736
3636
4584
3300
8776
8824
8712
3272
9586
3584
8170
6356
4738
5702
1042
4470
206
6778
6224
3088
5252
358
5774
4516
2984
5442
8692
8786
7272
3412
1790
5660
6708
6606
5006
774
9204
264
9616
3272
3666
6212
3324
7220
8598
8328
5058
5096
2700
1184
7752
4340
4680
578
3336
1548
5288
4826
6892
1314
1814
1710
4194
6110
9102
3700
5822
6614
754
9474
2768
946
8078
6688
4992
6666
6442
7792
722
6914
7162
7948
2414
3230
6918
1224
3094
5916
8472
8050
6146
6462
8272
748
7408
7154
6908
4348
9724
2396
2390
6562
9232
6698
3486
9628
2512
5058
8576
2984
6462
3078
1170
9308
1198
5394
8402
4864
5416
3244
5604
908
1864
3990
348
6308
6510
5720
7592
5840
2350
2890
6558
8316
3376
4048
7614
9674
1152
9428
2020
5002
4110
3184
3904
3370
2886
938
8638
7186
1100
7266
8332
218
9184
8872
8842
1164
8446
5610
9960
1622
2296
3618
7994
572
5744
6228
7278
5546
6130
2080
2520
7852
1690
2762
8798
1604
4952
5604
7698
3960
8958
1460
4852
8978
3938
8750
2154
5098
7506
6876
4432
9038
6900
2162
8808
5600
2128
1914
7192
5350
9246
5572
5356
8184
3478
9018
2524
2118
1628
7102
1350
3358
9380
5648
3668
2880
7328
2126
7334
7724
5186
4070
7286
3556
8960
5728
7864
8574
3780
6638
3702
8466
6578
9978
2204
9084
2822
7882
8896
1654
5452
598
1420
9722
8262
3668
1086
9144
4450
7452
2276
6134
9414
5916
5802
7940
7346
4212
9864
1840
5100
1306
5294
6828
2890
4770
4710
6202
5762
354
3160
588
4994
5208
3378
1722
7136
8398
2720
8230
9942
7066
5922
4186
3744
8664
2356
8140
4464
6308
9354
8444
9038
3274
494
7090
4232
4244
6976
6458
8308
1542
4068
1906
3956
5868
2442
4674
3492
7566
9800
2374
2506
6982
6894
9894
4134
1236
7968
9554
8636
8906
8820
1168
9934
6874
7224
8620
3146
3306
2958
7708
4520
8194
6916
1292
5304
9824
9012
5036
5168
3458
9128
8992
7978
3318
6462
8948
7376
2340
7990
2170
6840
8908
1586
1644
3606
3178
6564
1460
4144
986
5516
4650
1686
3560
5346
4902
2154
4436
3248
6012
9640
2310
8266
7402
2900
4894
8940
9048
3676
6868
2880
8660
8798
6960
2084
854
3920
2744
4242
9210
1566
2844
5676
670
3224
7498
3800
1540
2892
3730
6230
3014
6926
8812
5780
4736
6996
1454
4748
7374
3762
9550
7518
7902
9086
6574
4542
4678
3572
3452
6200
7564
384
312
6594
1698
4330
1096
2880
4352
5980
9146
9574
1732
9768
7478
2350
1076
1158
476
4054
2704
8198
5756
1106
5936
5286
1548
4586
1188
7758
3248
1682
6062
2580
4288
3802
9896
2128
1808
7060
7440
6008
4018
6056
6630
5072
8776
9982
8584
1082
1580
5652
7992
4392
9236
4134
3844
5084
6562
1892
8872
6068
9420
3100
1774
4276
9316
1562
6054
6052
8358
6870
2116
3390
3106
4588
4690
2294
700
8430
3718
1604
3218
5366
5126
5126
7112
5998
1950
6246
6148
6486
4584
8224
4360
6074
7684
3270
8372
8316
9020
2800
9966
9608
3776
9792
572
2494
5184
1018
5176
456
3740
7770
8360
3222
1784
4060
5104
9506
6070
9938
1572
3270
2172
4854
1440
5394
6108
4322
6856
6436
4712
1410
7390
9360
8612
4828
2354
6408
7502
4432
4446
488
2078
762
3664
7728
1856
8314
7188
5416
3012
4116
2758
9588
1200
3160
7396
9496
7292
5624
1520
4018
4698
8890
1150
8608
2672
2792
3290
3770
7134
1536
2274
7238
3578
9706
508
7662
2314
8156
2938
432
2852
6854
4638
8384
4566
4306
8506
9932
3576
9882
8100
7844
1250
4750
9324
6634
2604
718
8312
4526
7124
1154
4256
3144
1226
9600
2486
2982
4762
1414
1764
2288
3896
1092
5518
7532
3608
6046
968
5930
6932
6992
8102
1490
4624
5318
7182
2446
6516
9326
436
9388
8586
6850
2026
3506
8680
1184
1004
3832
5098
8546
4534
460
8646
2558
4346
2062
8364
4710
8028
3026
8108
2620
6000
2188
3768
6880
656
8978
7886
8052
8750
6986
1050
2798
3428
9844
7584
7598
1338
9840
8706
610
580
7098
4256
7080
1132
8938
2652
972
1024
1072
2266
5700
5454
1014
7168
7742
8302
8736
2168
4268
3166
8650
8036
436
9396
5716
4916
516
5650
4530
6206
1434
1154
5496
2284
7890
5190
2306
3034
7860
4826
5110
5962
4972
9940
3724
3528
4026
7384
6738
6928
558
4524
230
5446
6998
5048
7126
748
3594
5788
9776
9830
7224
4074
7384
5040
3454
560
1414
454
4926
1742
3094
3666
3036
4502
1304
2728
2450
474
8054
7778
6656
1570
9354
7596
5626
3694
8570
9528
9752
4798
6874
9950
4894
1322
3324
3858
1808
3172
6030
8738
4474
4536
3294
1142
2066
256
8022
6256
1696
8218
9542
2618
4132
7178
326
4698
8250
9566
9476
6346
7720
3634
4008
8926
9890
1162
6798
1902
8876
8902
9566
2324
5554
8334
7046
3174
622
4434
1664
3762
7566
3278
974
8918
1134
2254
9664
9852
334
9552
2448
9446
7202
9732
5198
5958
7286
2960
4994
6690
6668
3386
9424
908
922
7944
790
4430
2026
8230
2462
1390
9192
1304
6738
9308
370
7802
7316
4566
7910
1456
8406
346
1376
1148
4430
5214
3870
5194
6756
3648
4716
4312
6320
8630
2144
6618
3032
8188
4980
9686
8172
5102
5126
8226
5064
8744
4570
6458
4796
4210
9508
1280
430
6546
3950
7024
2266
5954
5280
7628
592
4982
6840
7180
8436
8684
5892
3636
8148
1198
8310
7072
5724
6862
1754
7316
4114
4954
1748
4352
558
3700
6256
6772
1852
2594
3400
5580
526
7158
7386
2064
9318
4460
7642
8366
1584
7450
8832
980
2764
4252
3340
5152
6712
9216
9708
6312
3628
282
7324
2940
7076
3564
9896
9632
4250
7212
2072
6460
1336
9840
7964
940
2780
4894
8706
1292
3030
2430
5782
4228
2088
4924
9092
1494
7730
256
9954
7094
6458
7166
4550
6648
4014
1480
8866
3142
5808
6132
4782
7024
7956
3154
5850
1522
5606
2648
9764
2386
6126
8400
5948
4820
4124
9488
7678
8714
7350
8038
4172
1956
8366
7376
7536
6012
3886
2414
1186
1284
3588
3654
7704
7550
8742
7552
6646
5886
1198
6294
8808
924
970
9760
2624
660
8462
8674
3048
1552
6096
1340
4542
5720
4058
3078
2460
7870
5536
7044
7518
7288
8380
4212
7354
2120
9408
2126
4766
6826
3328
6174
358
5790
7734
8210
1034
2658
296
5040
2184
6762
6992
9624
3896
6436
1980
6218
3168
5892
8450
5344
2920
9796
1600
4114
8136
8862
5670
7066
9406
5126
3640
7500
3274
1182
418
7154
936
2224
802
630
6018
424
3312
1910
5084
4028
582
1326
5824
3596
9210
6906
3102
3580
9434
8686
2764
6094
5836
9248
294
5966
8138
1516
6106
6800
5140
6352
1882
9138
4862
5806
2256
6868
2396
600
5612
7742
3390
3008
9950
3960
3322
2306
846
9078
5224
6182
8682
4024
7754
6844
6036
7974
9216
5602
4192
2832
7146
9734
9724
2818
5644
1550
6496
1668
9162
2184
932
7716
8162
7080
4054
7030
2800
3520
9640
9764
4704
6934
3906
4704
6794
3002
2408
5962
1564
1970
3090
1710
8656
9676
7404
3274
7628
3894
7324
4754
3160
7338
2980
6574
7240
4518
5062
4594
1666
4536
2116
1808
8312
1096
9510
9392
6232
526
2356
8392
7696
7734
3152
8462
8244
1958
2258
4212
1694
8252
3038
6630
1028
4254
1188
3564
788
8240
4634
9974
3438
5470
2142
3348
4860
6014
1900
8346
6138
3146
1154
4698
362
7298
9462
1734
9962
8198
4438
3142
1908
4996
6340
3730
1402
2558
5352
1586
5654
3798
1004
2832
4576
8824
4326
5198
2020
6570
248
2274
2804
234
5840
9038
5408
1586
6918
7806
9872
3928
9946
1312
7922
6848
8024
8886
8960
3028
6750
5846
8490
9014
1280
1950
8550
1564
1098
7574
7234
6244
9160
744
1328
1662
4112
6476
5716
9340
1150
6988
3776
8608
3030
7724
4666
8590
1660
5746
6124
2838
2258
3006
2858
6890
9656
9472
5288
1342
8280
3756
2420
398
1708
630
2634
6660
3588
6836
1160
8268
3094
3740
8544
7434
7728
6162
8104
7488
8198
6884
800
4058
3840
1420
4680
5850
5138
9364
7074
7252
3642
4728
2552
850
3092
1690
5350
2192
4716
1834
2644
6210
3932
6738
5478
1646
4120
1432
9096
2082
6436
2192
356
964
512
7786
4306
1112
4234
7466
3212
7754
7176
7816
1344
1302
1222
2282
4670
9324
1816
5068
5992
3646
2002
4306
9842
5528
4428
1004
1246
5494
7254
4326
1172
3648
4462
6814
7894
3592
6528
1284
6832
7122
3224
1862
4212
7068
9046
6850
9298
9218
2884
8178
3072
3462
1282
7158
9356
8752
3958
9214
2874
6658
1696
9582
8706
3984
9644
5720
9710
9420
7748
3646
9856
4564
3076
5148
8822
1320
1184
1014
3942
3172
8082
3730
8650
1030
7680
9880
9762
3526
6982
9978
408
8546
3606
8224
5328
9732
9504
5774
5574
3452
5046
6000
3524
7618
9114
7042
1944
4422
7312
2880
1606
5022
3214
3908
2610
8604
2728
4410
5642
3910
1156
8796
2420
8862
1388
2798
6002
3288
7424
7170
5048
6294
7506
8020
5384
4922
9484
2036
828
1294
6214
8568
8300
420
3470
6246
4338
7704
6134
412
908
9470
9190
944
4730
10000
836
932
9288
3376
8218
5776
6272
6854
6438
7786
8978
4412
3214
7636
8800
3830
3390
1998
3332
8938
2262
3780
1582
1886
4262
8650
6372
3008
4540
8176
6624
5186
9546
1170
5020
5046
4134
2608
7572
7500
8666
8750
8914
8596
7798
1330
3834
5614
5670
3408
3454
2136
3694
426
404
2412
7184
1880
7416
7594
7070
9796
6528
360
7656
4770
6724
4524
9628
4416
1544
9814
4984
954
3186
3184
1808
3816
2696
9212
1930
5192
1978
5412
6256
2498
482
284
8208
2084
6646
6088
228
7620
9594
1198
2018
8352
4042
6586
2026
8560
8334
5172
1554
6958
7616
5592
7098
1526
8844
3856
1034
2720
6168
2554
4228
4586
4298
3466
3094
6844
4524
8434
6652
5020
7674
1298
932
8636
8780
2108
262
3542
3996
5578
6152
2096
7674
7204
2950
3586
5458
6750
6364
8874
7754
2792
1992
9032
1272
8726
1676
6816
8048
5090
2346
5786
9162
4034
8810
1054
3584
7478
1140
1744
7244
5702
1366
5380
6496
2284
9392
3106
5260
8494
7014
1154
5518
6400
2344
6078
3290
2160
580
9666
5716
8536
9112
4126
3454
3518
4704
1424
1070
5548
3216
3732
9448
9774
3134
3920
4154
734
1404
4784
4312
7848
9680
8260
8234
3158
7856
9722
670
7508
6428
5868
2094
3328
9288
8502
2026
8560
8472
5966
1762
1782
5766
3666
7076
9152
730
3648
5600
1750
3282
3436
6428
4358
7484
3084
4994
4420
1534
8240
4620
9590
5954
6368
9872
9520
5872
4572
1808
3180
806
3954
436
4606
2582
6928
9684
6444
6390
4506
718
8474
3842
412
3482
794
6130
9096
1642
9886
7924
6448
850
9188
1426
7642
2622
7012
6450
5820
9168
2930
3242
5816
6918
568
9102
252
8674
1010
2198
1080
420
906
3378
7816
3454
7086
8340
7182
3366
6630
5032
3182
4802
4916
8078
6184
6024
8078
2292
3638
5314
4238
3056
1586
2284
234
1086
4870
2902
7992
3176
404
334
5242
1894
9552
7964
4638
5286
8478
4628
642
6712
6736
8652
2844
6640
7760
1260
8274
6872
3076
2782
2110
5088
984
9258
1858
8896
9722
5442
9220
7360
576
9218
3460
2472
9022
8584
5576
8310
6732
3040
3608
5222
8124
4188
9174
3176
1048
734
6808
2026
9790
5320
4614
4842
1830
7888
6768
2916
774
8242
1868
9872
4790
1068
9504
8342
3012
1472
7694
4446
9308
3430
894
5138
7698
4502
1484
3346
2024
7942
9870
718
5882
2072
9966
8820
7148
3992
2214
9948
7572
1872
6934
4606
6554
422
9434
5940
6674
3188
6606
672
2194
9002
2494
1380
956
5584
9402
2920
1200
2502
3510
7588
2082
770
1840
9186
5016
6354
1476
5948
846
4746
9428
2018
6156
3196
6592
7830
1026
5570
8854
4182
5306
6626
6706
3888
6468
4844
4180
9170
1738
8620
7278
5902
4546
4282
8802
9078
1932
2570
7000
5666
6524
946
3848
7888
7578
1964
3320
7254
3826
4716
9868
9580
9480
4410
1496
396
5428
1160
4956
2948
2698
9514
2644
6082
620
5938
6422
6134
8426
7498
2626
738
3424
3174
7410
8896
7564
7782
7370
7898
1182
6344
5162
2504
524
3766
9682
2370
5424
6786
8826
4742
8380
3942
6420
4516
5964
4660
6050
4076
7440
8312
3066
5630
2760
7888
4484
3580
8536
3342
4024
3806
6802
1422
8608
8508
8046
202
3460
7110
5938
9502
6408
8306
9392
7312
7648
5172
2800
8206
5420
2774
6968
6196
5636
834
2376
7060
7480
794
9528
7216
1898
638
7176
1606
6996
1180
6148
7434
4614
8112
438
8892
2556
9500
8000
3490
2136
3620
560
670
282
7152
4276
1898
4158
2366
5566
3554
8862
1908
8936
7980
6612
4368
7284
3488
8408
4728
8332
1768
4214
2888
7072
9544
8904
2386
4438
2168
6190
990
482
9966
9088
504
7582
6382
8272
7194
994
2204
9028
9620
7390
1304
7798
8246
9958
2848
6990
682
936
9002
3794
3072
3130
9014
6674
8602
4566
4348
5190
4338
1234
6604
3588
7754
1582
8562
5416
3420
1648
4050
1692
8582
9238
4450
7026
6724
8128
1968
2192
448
8294
6044
8618
6042
3362
7872
8808
8650
9410
7058
1214
6220
4886
7826
9012
3928
4126
9124
6400
9260
2750
302
580
1614
7112
8026
2262
2710
294
3684
9006
9058
9340
1346
5800
7962
7814
8898
6404
2334
5952
5648
4618
9738
800
3284
9770
2020
6478
494
9846
3852
7232
8306
6142
2340
9568
9892
3046
5884
8212
1934
5994
4842
2708
9778
1974
9562
4294
6556
1380
1036
9436
1638
1064
3874
1616
7636
6870
678
800
7172
5596
264
6542
7114
9610
1304
7564
9924
4518
3658
7656
524
684
8402
4730
2846
2178
3344
2114
4772
8714
8730
2290
1354
3032
4202
6806
3890
7194
6076
1198
7364
8530
2308
3780
8864
9466
4074
832
5742
2446
9898
5282
2006
7704
3102
2324
612
8410
4766
514
1872
3880
8272
1574
6264
8786
9338
6300
4562
4038
7706
7214
4802
2584
4296
4316
9456
9856
3406
2428
9602
516
9926
8006
4554
9728
3250
7750
4664
8458
4046
6622
4002
4202
2086
4096
3506
2618
8220
3818
1554
7124
3272
7272
9208
1534
8384
2102
9658
548
4200
3476
490
6392
3552
9374
5626
7840
552
2826
3164
7624
2018
1170
4710
4220
992
7434
5772
1974
4022
7296
6300
7984
9622
3842
9466
9726
4468
5184
3092
4130
1912
704
8760
9534
7924
6230
1208
5322
7682
2032
568
1620
3742
8984
9698
3432
956
1812
4080
7628
9862
2190
6756
1370
3030
6344
2394
4920
8202
6816
430
9444
2808
6618
6438
582
9776
4626
4418
5662
3292
6706
6674
2176
4440
3828
6344
2472
5048
9038
8280
1764
8330
5006
4368
8506
4938
6352
1924
3630
7074
888
6980
6654
7868
3896
9510
3376
8254
6548
5758
1200
1182
9006
9132
2528
5698
9400
1138
6792
1936
8480
8012
464
470
8676
8110
1154
2826
5796
9858
2878
956
8588
9224
8170
456
7252
8576
9598
9678
1390
4212
2744
8614
3598
8660
7696
3312
7166
4964
6032
2012
4790
1426
8314
1924
1974
2288
9534
3410
6428
1998
7448
2992
5222
5980
1780
2908
8292
1290
8928
9946
2352
638
862
4618
4064
2658
3198
528
1590
2016
4766
6532
550
9872
9008
3666
440
2854
7102
6844
2620
3770
3128
1676
212
9388
3226
1906
8488
1384
8328
2264
4080
6782
5448
7192
8886
4236
4246
9508
9740
4748
3902
3030
4950
3082
6600
2438
940
3208
8096
6366
6986
2352
7966
7028
7146
9748
5030
3522
9984
2048
814
1702
224
832
8776
3218
3556
4160
1172
1130
9802
9822
9686
8766
1374
1076
9448
808
1488
1156
2506
6876
7418
1310
702
9000
3096
7708
7388
8476
7564
2320
8478
2578
5568
8858
7880
8726
4482
9644
9610
8594
446
5592
9154
2284
3214
8478
4008
9358
9558
504
1870
7012
1278
9110
952
2354
9912
8794
3620
7112
630
9366
3540
1394
3030
3286
4894
4638
7606
2702
4122
5594
4996
3772
6158
9700
2092
6652
8864
542
2002
2640
3544
6926
9002
1832
8738
8442
8054
8140
6824
6132
6586
9782
3136
5706
2600
2302
6434
5702
5902
5434
1124
4288
6872
2558
4298
9404
3866
6728
742
8626
2442
4432
1440
5830
8486
5306
2904
7538
1714
1708
6344
6504
3624
7740
4378
7974
3558
720
4564
3486
9440
9826
5422
462
7992
860
7956
7480
5266
9426
3204
356
1416
2344
2246
3574
7892
658
5396
2484
6832
6122
8276
1448
5884
6198
5096
2878
7836
4060
5788
2346
7298
9804
9248
1100
2540
6352
3900
3528
4934
1910
5148
5930
8850
6908
364
2460
7496
1208
9706
3930
3338
8942
6402
9154
1924
7778
868
2372
626
3974
3298
9162
5692
1768
4806
9050
5866
9264
9288
1770
7720
3754
6336
5150
4940
5208
702
3856
3954
3446
9062
4146
2136
820
3948
4256
2814
2518
2172
3144
794
6462
4258
2242
9922
6692
7918
1770
3252
7844
5126
8140
1330
6840
6986
8088
3864
2514
8184
2924
2316
920
332
6452
6556
9466
7392
8664
1508
544
1208
6216
4922
2878
2198
9476
5434
7858
2090
3728
860
366
1016
5316
2516
4616
8544
5422
4834
7124
444
7816
316
5628
1006
7842
3002
6890
9922
236
8734
906
1026
956
842
602
5202
820
2044
410
8836
7774
2630
8756
6884
1736
7856
6450
4404
7090
5138
9276
8694
6926
364
2426
9268
4788
5242
2994
460
1038
3246
9554
5018
8442
3868
5938
5644
3182
7946
5792
2592
6212
6156
7392
3068
7698
4192
7650
6844
3242
3070
3710
570
7694
8040
4626
1094
1240
5908
1486
3884
5688
3640
616
7766
5962
4050
8382
4840
3154
514
9304
234
5176
9142
1318
2722
8022
5150
7434
3298
7894
4822
658
9506
7456
3670
1788
5986
4020
5902
7496
2516
5074
7650
9480
6238
8444
5654
8198
1700
8592
9768
3094
6360
7364
9778
8442
8840
536
7792
304
4048
4150
3678
2212
6976
9618
1694
7686
1654
7592
3948
2292
9620
4270
4152
6018
6108
9084
5816
2876
8980
4124
9296
624
1024
7804
2826
5350
2722
764
8770
5928
9420
2328
648
4314
4680
8020
9682
7392
5132
5142
5310
804
1074
4438
418
8030
2998
6738
1440
5800
8122
4686
384
5726
5500
9986
8234
820
1816
9112
8768
7752
6796
7220
3858
2122
7274
7130
2064
5530
9998
8618
1638
3676
1292
9318
7142
5438
7412
6272
9350
5416
3602
910
4504
5712
4250
3430
3346
2768
8010
4162
6266
5708
8386
4456
8904
6086
2562
878
9204
2784
2524
7356
8304
4856
2528
4966
646
7496
9958
6346
1824
2084
5342
2416
9698
1046
4590
2066
1074
5192
1038
1260
1114
9046
1534
1038
2764
8330
6166
3660
3432
5584
4380
2650
1820
4882
1676
3466
764
5096
9110
5870
2780
2932
3538
3450
2076
8130
4244
6068
8428
8716
554
8702
7278
3186
9062
4226
7620
202
5414
5798
4428
3420
4702
6738
6186
5260
3156
7772
834
6490
3790
1654
7576
3776
7210
3350
868
8108
4926
4720
5712
3812
6928
1278
9910
2000
4362
9004
2840
4372
2786
1822
7084
6708
8376
908
7694
1316
946
7710
330
1598
9412
8912
724
2846
830
4358
8692
4036
2364
1884
9214
220
3808
8294
2772
4126
4922
9848
1686
706
8602
8630
8348
7842
9712
5214
3784
3362
7534
1472
9606
4194
9740
8010
3294
3398
5070
1438
914
8704
7114
9088
1812
8822
9514
8814
7886
8958
5872
8798
1974
2932
8622
356
990
1308
2562
5152
6454
2256
9072
2962
7100
5440
2274
2654
2672
3374
5530
9440
4158
7900
6386
2250
9186
3432
5838
4152
5756
4342
832
9616
9550
1948
8206
810
7032
7828
4934
6850
224
3378
2494
7952
8320
2494
7232
6090
562
6644
1516
9262
9622
3614
3254
2342
8584
1830
6196
4076
3032
8606
6640
7834
1350
3508
9872
992
9594
7646
2956
7358
5738
3850
466
2112
8072
7966
3458
4572
5028
486
5320
7958
2514
1724
8590
1500
8264
7618
8826
7106
8188
4398
5058
2506
1170
8670
9534
2596
4190
8758
756
9902
4366
1676
8760
2886
2188
8438
8032
8816
244
6592
6528
9934
4572
8650
4670
5258
3614
1136
1632
6694
4448
2354
448
1778
2338
1970
6466
1386
3384
4140
9956
3840
8240
8896
256
2630
9232
9436
8160
3432
478
4708
3036
484
2672
9592
6750
2848
4214
9160
6738
2570
9792
4276
3708
9078
5784
4824
9942
208
668
3934
5826
1670
588
4698
1348
3546
6950
4624
3046
2720
1156
9154
2526
6444
1700
8154
6622
3842
208
7124
7294
3174
9698
1992
4086
7844
1462
704
1506
7456
2326
3052
6502
4472
2732
7562
7810
1918
680
1592
3080
4096
7278
5278
6138
3518
628
8180
5138
8360
5584
5756
382
1394
302
3580
2790
1078
4320
5764
2282
4616
5266
8378
4406
5690
8914
4598
3616
4390
7004
670
2320
4476
8464
5104
1004
8948
6400
1080
5396
4318
2110
1534
8790
9888
1608
5368
1584
1284
2542
1524
1138
5304
1546
2046
3824
4258
6078
9872
8176
6344
5094
6734
7978
8514
1314
5334
4654
3312
4380
9072
6572
7762
7026
564
7360
1158
5896
7312
946
2560
4548
4438
5320
9300
4974
8570
5084
5780
3886
9944
3898
5634
2696
7168
4584
7610
1852
9334
7438
7258
8922
7620
7348
9114
342
9394
6398
8594
4000
5368
5372
1176
2952
2080
8206
3104
2678
5106
3434
5688
9600
5386
3814
3008
2180
6348
1382
4348
8414
4206
8220
3932
9654
9200
6556
5440
2900
5972
7408
7272
7168
9598
7804
9968
9264
6464
4342
1440
1152
3438
9520
8878
5460
416
2938
1242
3248
880
7102
2966
3698
5862
9794
3946
9660
376
9660
8270
992
1858
3906
5586
6532
1066
4284
2260
492
5854
2360
9082
3804
4064
7106
900
4974
5464
5408
2472
6660
312
1696
3196
3668
5992
5984
3878
3230
7002
2784
7808
1616
5634
2480
6804
9234
270
6108
752
1688
5724
942
3202
6648
332
4292
5658
6002
6092
4358
9194
804
7132
6688
4466
3286
6144
5460
4738
2774
7830
9910
4668
6192
7896
2628
9168
9876
6746
2480
6750
4230
6730
8022
1704
5168
8556
4654
9302
1808
6804
4704
4746
9010
2914
9472
5820
762
5284
1624
1416
860
1862
4490
5830
5000
7750
280
6720
2510
9444
8260
9206
9250
8142
3416
8870
6726
1114
6650
7390
206
6214
5356
8976
4532
8336
528
8862
5934
5842
4314
1784
552
3776
9864
1366
8928
1092
2254
6920
9866
7106
1316
8088
1914
5676
3388
1094
606
1418
8082
4584
1950
2266
4142
3384
5918
2402
4362
4534
7732
254
8066
9212
7622
9700
5342
2622
4072
1642
9254
1250
6218
1278
3382
2932
3694
8718
650
5244
3578
2682
4440
8556
2766
9634
8642
9400
1626
974
3172
7090
614
1552
2816
8680
4388
1842
9472
6858
7078
4552
9126
2728
5402
430
3842
7368
1850
1998
3496
8724
6576
7644
6076
1320
2884
2110
9650
4022
4422
908
210
2478
876
4036
9422
8338
9088
9030
8614
5652
4608
2582
1130
7626
5664
6526
3786
5820
4114
1066
6168
6002
9372
3244
1036
2680
7540
4172
6724
3904
9974
6516
4838
4220
6828
8276
8474
1108
5832
2478
1808
2740
7454
5216
3254
5754
1150
4594
7682
6180
1320
3220
5380
8190
6542
3892
5288
8088
6882
8934
8518
8606
2572
5446
9042
6244
9214
2040
3926
9882
378
4968
7514
5266
8710
5908
316
9820
5678
8002
7092
520
2006
7886
5026
2478
9100
7002
8088
3932
8450
4738
882
8946
9776
318
8546
9696
3992
3514
7796
8876
3382
8696
3408
4052
264
5140
5684
882
1926
1966
5870
7782
8112
9130
1992
9680
5496
490
5896
1424
8064
3712
7484
6970
8354
6850
6654
2746
1332
1494
9472
3180
8816
9190
3546
3968
7140
8720
4742
554
1144
7240
3366
7858
1790
2368
9472
458
5000
2062
9656
588
4992
6338
1006
6608
5364
9568
7528
7526
1742
3682
4912
3600
3994
8944
2768
2042
7918
6784
1396
7830
3842
9460
3510
7912
4062
7214
972
6890
3058
4834
8756
1332
3682
5234
766
1666
6886
500
4948
3502
8328
7028
448
810
504
2818
8896
5668
372
3850
7268
4190
7660
10000
4520
6116
4106
6452
5308
7492
9964
8060
9100
3076
8306
2536
2968
1268
8390
8284
4854
3496
2568
1142
2564
4648
6456
6108
1336
836
862
1444
5832
4904
8166
9586
5986
842
574
448
8770
5612
7752
4576
1028
7178
4916
9930
3152
9516
8644
7248
7676
3862
4348
5776
7758
1394
8238
4582
9394
7400
6472
3474
5004
7208
9392
4462
6510
7952
2850
3806
5944
7882
8956
8282
4522
2330
2364
3146
7776
3304
8426
858
4616
5400
8530
7316
7030
3856
4078
6396
4326
8824
4152
7462
2352
7356
3680
9748
4700
5110
3752
3058
9978
2426
2440
6088
1820
9852
6978
5502
5010
6642
5510
2218
5224
4568
2404
4934
982
8432
6982
5232
8882
1226
5450
1146
938
4010
7230
554
3098
5952
3664
3710
6490
7774
6366
2432
6482
7544
4206
3464
2428
1388
2562
7672
8316
7254
8388
1362
2358
7328
5252
3598
2360
4934
5612
2192
8254
1794
1684
756
1592
8910
2634
7702
3558
6556
9368
6994
3396
9536
6648
8304
1446
8006
9140
896
7334
5926
8840
3396
4762
1010
9184
9296
1438
7696
9356
608
5720
2380
2966
7844
5608
4198
2666
4584
5358
872
6618
6034
8562
1844
3428
5390
8282
5790
3258
896
3590
426
2488
1592
5378
6364
4446
4016
8766
1646
3230
3444
2932
3068
866
1250
1246
7528
2304
8766
6640
5728
4128
7708
7948
8144
4872
1010
7776
342
5194
2090
4362
1220
2926
338
7752
9332
6820
5540
810
9610
8162
4032
4734
1260
2356
3548
5920
7222
8008
7334
7152
810
6632
914
3966
512
6272
310
3232
3718
6562
5006
8802
6776
6062
1824
2608
7936
7232
8824
7518
9708
7034
350
298
2096
7782
5600
6938
8044
9002
8984
4144
1170
6230
5204
4096
7064
6418
4508
9830
3988
972
3164
5656
2592
6184
3350
4190
5154
5440
4664
1496
3078
6890
7546
1310
7374
2060
5872
394
310
2508
1148
6894
8418
3642
9652
7508
2286
7696
2594
9920
6052
252
9904
4028
9538
9396
410
8838
9614
7558
416
922
7462
1950
2276
7526
4380
5766
6916
1698
1220
3104
6624
9484
1150
7772
7752
3526
1336
3324
4482
7978
5784
3530
2542
3138
4264
4156
5836
2654
7770
1160
1832
2540
6352
9836
744
5826
1134
8886
790
8066
8734
9454
4902
4502
5164
6132
9754
6968
6996
4648
8228
5856
1428
3842
1544
7942
8290
9198
8584
4700
9232
1382
7600
5092
4656
8168
4280
5562
3776
1308
6652
2070
8868
4288
9584
7686
7648
4238
7440
2730
3672
7278
4580
9340
722
4440
3424
3414
8632
5110
512
6936
4452
7674
7664
5786
2900
6642
4306
4332
7564
4340
7046
7260
5366
3748
9748
6294
8070
8332
3328
228
7186
9018
9564
1704
4036
916
1474
7488
2382
2166
5924
6598
362
8154
6736
8378
8878
3948
7298
4960
254
7960
4750
2220
9646
790
7978
9302
6172
1328
4554
1432
9898
9464
6446
4248
1448
4418
7488
1810
2624
8100
1884
1042
6990
2866
882
4186
438
5606
3068
1916
9394
4202
1736
3310
4942
6058
9882
8766
6650
1588
5906
8476
9134
1424
7816
3742
1750
3266
6922
3624
408
3644
2292
3282
8038
5506
5034
5000
640
7242
5254
6060
4576
5854
6822
7530
5094
3174
5984
9540
2064
3536
4956
7050
1104
9492
2908
2188
288
9908
5554
4782
4810
3742
4166
8308
504
1710
6030
724
6982
4244
1148
6796
1082
3720
508
4462
5402
4660
8502
2474
7442
318
6684
614
3874
5976
9256
4280
9752
9210
4316
4802
3064
972
4656
8558
1906
8374
3208
3078
9240
7778
3604
8408
8464
1790
1174
7254
6032
7788
5536
6228
8304
5182
9272
9494
7358
9610
8294
928
3106
8436
6022
8842
3652
7084
3706
4158
2072
220
6856
9776
9504
2422
4448
728
312
5544
2488
7030
5770
3412
3748
2222
2928
2662
3114
5048
4540
524
9714
4842
9616
7652
3794
7272
5434
5476
1434
7302
3986
5766
8540
238
1394
9404
2738
7938
3196
7212
6322
966
7802
6446
1558
3876
4448
1592
7476
5236
3696
6256
9126
872
1316
6172
8708
3144
4874
8152
7720
5114
6286
6204
5420
2868
6354
3228
6034
7028
6330
1330
7530
366
1934
7890
1520
1750
794
9802
4378
6210
3514
3544
9800
4402
5730
6396
8574
9388
3170
9088
2590
8136
7326
8010
6126
1486
5032
5740
9852
4388
8740
478
618
7608
4102
3740
2912
8904
8542
7274
6758
2868
8144
9894
1678
4574
2528
2120
2222
2686
3228
6306
2266
5672
1876
4470
4560
3380
1718
7274
6648
4518
2286
8172
8298
4058
9062
6356
5722
3390
4860
8958
2518
4838
1276
3352
1586
9554
3770
9392
2096
8632
4530
4356
5590
7546
5204
1314
514
2910
2338
3444
8808
9636
9644
3120
9110
6348
286
6984
2072
5806
2500
8422
2430
6064
4566
9058
3684
5646
4846
2426
7082
6432
3284
3624
920
5514
1024
6586
2538
550
7544
7256
1008
7732
958
4556
6042
1176
9288
9002
8912
6958
9928
8636
9656
4872
5884
1064
2020
4010
2384
9344
4752
764
7608
222
3564
7724
2548
6684
894
2866
5776
272
3758
2968
2138
802
9770
9718
3286
6288
9716
4782
7572
646
262
8980
3128
4158
2252
1122
6960
868
8980
6386
2662
8984
9884
6728
1432
332
4754
9978
4004
5332
9684
2604
9480
8208
3396
670
658
2896
1568
7160
4494
3878
3088
3472
5082
1012
4752
1082
8762
7282
9316
8976
1896
2732
7644
3402
7978
8550
4720
3870
4242
3880
6976
3090
5582
2838
534
4604
7666
962
6546
2336
1288
4628
5288
7586
4856
2216
5464
6848
9704
3536
3438
3574
3096
4310
5448
5308
1424
7614
1644
9184
9308
9930
3992
7516
492
2448
3330
3494
3240
7500
5102
4482
1550
9644
6790
4716
1334
1222
4358
9772
9208
9004
8338
5578
3208
9854
4402
270
930
7900
9374
4938
7356
8222
3114
4476
3608
9138
646
3680
7784
3564
4622
2478
2138
8336
5652
2284
3890
8158
1106
6994
8832
5514
1570
2330
3310
3766
9998
7100
6092
4704
1828
5768
9830
6340
2194
294
3664
1662
5528
9484
9326
4924
1796
454
4332
2752
4018
4932
1412
8076
6840
4572
2654
3250
9400
8812
9182
9232
5724
2174
6838
8122
4696
4942
7612
2896
5728
2166
8252
9338
9912
8102
9158
1724
9036
2060
8340
3744
4136
2180
9212
2278
7734
6122
5824
2732
1370
7394
8004
8116
1000
6528
2146
9374
7988
4484
3012
4916
626
1680
1066
7474
2842
7416
6394
9578
294
3578
344
3800
5576
3804
4300
1504
8214
4330
7570
1494
5158
5166
6268
6390
1574
9242
742
6022
2244
444
5490
5796
1078
1718
2842
2030
5668
9776
8112
7876
5032
5526
7330
4164
8964
5676
9402
5134
2634
8158
4490
1106
7218
7696
8336
5526
8758
3656
9708
7760
4088
796
1036
4652
5866
9590
4016
4380
5522
2910
2370
1956
4746
5054
7950
4814
5550
2950
6914
7064
874
4362
314
4462
2932
436
424
3158
1992
8094
868
9822
7114
7490
748
2658
704
6470
6054
9412
2870
6902
2122
4634
234
6154
1774
6146
6892
9524
1726
4844
4916
926
4304
1108
384
4174
8776
1556
8138
7268
4374
3346
8084
824
6442
6674
8910
5202
4756
7736
3836
5008
1280
9594
5568
9440
774
5892
8618
1202
9348
8234
6800
7962
552
4096
6198
9296
9050
6608
3200
2646
4564
6282
9284
4638
2002
7032
3194
8398
322
7632
8372
6108
6578
9728
8142
1606
9650
6274
7496
9852
400
2162
5740
8088
3582
2702
9412
8446
2240
1442
3074
5814
2762
6144
3886
7006
2214
514
7022
5274
7160
1352
5658
5976
1134
3340
7832
2450
3774
780
7176
6568
8580
660
3556
8192
4722
7862
2670
9442
9216
8016
3626
6444
2376
424
576
304
382
4982
9018
9866
4148
270
8280
6298
4450
7760
9066
2032
2390
6556
5482
8986
6834
7974
7866
9910
6834
1746
1218
330
5504
4502
1710
6434
9262
6302
7164
1870
8694
448
6750
2346
3070
7478
4410
4848
7988
8734
838
4488
3096
992
8678
7988
2176
990
268
5274
7668
4718
604
3162
8086
1006
6074
5912
1996
2892
8626
2746
8566
6830
1972
8772
7636
8050
5638
2640
3300
1844
9244
9936
4272
5836
1078
9176
7864
2904
6982
2666
5394
1622
8492
634
9682
9878
5012
4650
7812
5344
8680
7402
2600
804
1428
4230
3968
2626
8950
2244
4276
9540
9528
6728
8298
2472
6324
2080
942
7814
1758
3902
8396
206
7090
6634
1226
390
2160
7090
3782
5906
3304
2074
2152
8960
2864
3002
3390
7192
5708
1164
7990
7594
7154
2438
952
3778
2908
474
6796
7248
8934
3168
3512
9060
4462
4176
5030
5196
6736
392
4854
9664
4434
5168
2976
3346
9808
5564
3886
6168
4972
2654
2158
9680
4146
8670
8930
2878
764
7252
2414
1720
8550
5348
2354
7598
6806
3886
8564
4404
4184
9538
1670
7816
8458
1208
4598
1154
1250
6346
912
2284
8086
7362
4856
6942
6126
2226
2964
5876
7522
7468
5988
9520
2134
2958
4254
7714
5766
6388
7240
652
4708
9722
6262
9588
9736
9112
4130
8946
2924
4588
3768
636
3292
6794
1272
7194
4772
6528
3724
7978
866
2170
3760
2296
5220
6792
3292
7200
8446
4096
678
980
4306
2788
262
1030
4622
6478
3802
8758
656
5394
6162
5992
9020
8964
5888
822
2424
482
3940
9054
1012
6046
1164
3726
5468
6542
308
4702
9926
872
6024
2562
9162
2376
7434
4314
7484
9652
8518
9624
1588
8976
4372
5028
9940
390
5548
1388
7740
8758
8230
8458
8366
6564
374
738
4978
1698
4014
7166
4248
1742
6454
7198
1816
9904
1040
6354
6608
5316
8066
8806
6018
7830
3132
9104
1236
2426
8704
8282
212
2826
1884
4586
5390
1774
3082
362
9288
3314
9508
8168
914
5426
4714
4610
6516
3888
1294
2972
2856
4584
4930
2690
9402
5262
7472
2324
5656
2346
4866
4186
3144
6308
4662
4916
9750
554
6934
2220
6334
8804
1388
4408
6922
5016
8686
630
4970
3704
9896
4904
7472
4310
206
2006
9418
5900
3114
7494
2608
5072
7560
3874
9146
7164
3380
3634
8452
8736
7090
9174
7776
5412
5340
5926
4648
4554
3102
568
5682
1156
778
1604
5210
2054
2652
5306
7266
1182
5266
6882
3310
8488
7858
6162
6020
8736
2824
9346
6228
6202
9202
2242
888
4788
1142
8426
2356
1314
8554
410
5682
2582
1048
2138
1498
460
7134
4788
6632
9524
4890
8940
4832
9300
6302
6664
398
1166
794
9956
5884
976
2076
4512
1024
7900
9996
8896
9570
5484
3654
7360
3482
2980
6442
4886
1802
5234
8114
9772
7664
8284
2334
234
306
2294
7658
8532
7584
4490
7596
5592
3920
2036
9072
1856
4536
672
4830
9014
8828
9212
4288
368
9300
3018
2566
766
6392
1250
6836
9698
8098
3808
7126
8890
5764
7928
7336
1622
5498
6850
7688
8164
3244
8082
592
7798
1784
5508
8304
6150
3252
1754
5694
3248
1260
9884
5242
7452
7134
7698
4134
1312
9158
1238
6642
3580
6196
2194
2408
9234
5548
5102
658
8214
5686
3610
8364
314
1800
668
7312
8150
5246
5012
4488
9290
5214
9698
4560
9858
6262
9378
7186
3850
5718
7342
4262
3936
8356
3410
6726
3156
6162
9788
1614
5034
9124
1210
4384
8596
5418
4336
4266
6364
2974
2580
3796
562
7526
9010
6672
4076
6444
4932
4568
6720
3464
1366
202
4908
1614
7620
2222
7442
9648
8046
1776
8478
2124
1020
9110
8398
2548
4622
2322
7628
5976
9154
8394
7296
8702
9818
2950
5468
7716
4064
2518
2618
5862
6578
5834
7380
4056
9064
3450
6106
7084
6594
8572
2890
530
9320
7536
972
8550
1494
1378
4332
4958
7862
9862
3052
7246
3016
9520
1680
7514
9116
8578
5850
8386
4596
6300
7424
826
5792
7998
416
9052
708
8530
5982
7156
638
690
9718
9598
4104
4568
4470
516
8418
7426
1448
9708
3472
5110
1250
520
5194
3528
2824
2916
8590
8768
2766
8706
7920
614
7392
1984
2248
2616
8212
1616
3286
5440
4090
8872
1706
4952
5952
7300
1408
7398
622
6420
9412
2214
3908
5918
6440
1506
2822
6090
8336
1570
956
4500
228
8340
3876
2452
7764
9510
7624
1208
2024
3382
3690
9658
7858
6620
1658
2764
3204
734
692
3494
1732
1634
378
2104
938
9324
4562
3858
6394
912
420
9554
9578
2502
9110
1806
460
3672
2240
7356
3060
6668
2858
8368
3038
8630
344
9990
868
762
8516
8734
6964
4624
3320
6254
2064
3494
1452
1236
6752
9066
7518
4462
5764
3984
9714
7524
4148
1482
2884
8528
1286
1768
5992
8060
2122
9810
9590
7882
4570
4900
6968
5934
8060
2954
4524
740
5118
6496
1782
3892
4274
2650
9798
9242
4612
4798
8254
8754
6674
4724
2688
508
3440
850
3144
4226
7420
3258
3766
8212
1986
9564
8780
2046
902
1432
2132
2210
6244
1594
3364
492
1728
4582
4742
7666
2612
2684
8214
9960
4546
2320
9604
3464
9754
5238
8736
8718
5768
2378
6462
6924
7344
6168
4870
2076
824
8928
2020
4232
9076
8318
3960
8004
9708
3922
2598
5124
4384
9354
6564
6854
7536
2990
8304
2154
216
4002
2010
7754
7962
8354
3062
6746
4628
7670
8654
6704
1756
4232
3722
6284
680
1624
8220
6878
7878
4170
6200
580
7050
2726
2152
9306
2662
3444
864
4000
1240
8450
2532
9384
8452
3112
9420
2582
9112
212
2936
1144
8304
9250
6216
9424
3520
4636
7690
1382
4386
8994
1774
8554
3594
324
4910
344
7952
7516
4718
4466
4254
4546
7200
2210
3616
3450
726
9506
8720
3760
5226
2134
5144
1078
8286
7676
5446
7242
6172
946
9802
6830
1540
6410
486
978
8840
1718
9552
444
4862
1726
1514
7302
1764
790
3478
3380
974
3554
9712
7966
1766
4278
6512
5860
4440
3370
7980
6608
570
2404
8522
7456
7736
8718
4540
8794
5884
7226
282
2402
7212
9626
1898
1012
3430
4866
306
9580
4094
5530
7064
776
1438
5872
5664
9634
5952
7148
2916
4386
3676
424
9252
6776
3606
4114
7288
5306
8840
9670
8928
966
5920
6662
7772
4702
4122
8596
332
3750
3506
6312
9408
5456
6136
2512
2700
1804
532
3196
9200
8476
4480
7634
2660
1160
1336
4730
5060
3150
7316
4472
6208
3696
398
210
6292
7878
6080
692
8558
5846
8972
1848
1702
652
1980
8550
8984
4342
5490
2746
4726
7256
8566
9844
4448
9892
5940
5402
4818
2990
590
4660
9962
3534
1402
6522
7094
5040
9640
5302
1706
4848
3998
7346
1502
364
5704
9330
9708
1844
9558
7014
3136
8580
8308
7252
6624
5286
3308
1828
6382
7570
1700
9376
8628
6080
4858
7438
6158
206
3464
5828
7124
5432
6520
3278
7960
8396
9762
6506
5332
312
8924
7532
9586
4726
260
3010
4390
4008
7442
9736
8152
2318
1012
5272
2906
7982
9452
4426
8392
7304
810
6602
4394
8832
2360
4800
8822
7868
4586
1844
8594
3084
4740
9414
7796
8314
1340
9848
7404
8992
9412
1540
7176
6324
6414
2400
2794
2074
618
2330
5232
2180
5422
6802
2622
3564
6394
3540
2918
4450
6564
6414
6990
5486
5416
4822
1014
3988
2994
5934
1624
2244
880
3290
5014
4322
7534
5210
1426
7220
2466
5976
1184
4110
3656
938
896
3548
268
4868
5724
2610
3312
4674
8278
2050
7438
400
6420
6360
3816
5482
5260
996
3086
8000
6740
7624
318
6410
5448
9306
2242
426
1268
888
2700
9998
6122
3686
6302
2666
6806
5122
1874
2144
6704
3148
4796
2420
8728
7996
8762
2772
5684
6248
4314
6606
2854
8590
3940
1210
330
6648
5786
4846
3786
6630
3828
850
1848
592
3922
3172
8322
422
6588
4138
7450
2118
8330
6876
8370
1304
6052
3658
1294
5994
4124
2072
9754
7250
5382
5470
6122
3228
6492
9748
680
4600
7896
9780
1292
602
2338
7514
5924
6544
9460
1848
4934
338
1696
6234
630
7640
7970
6556
1272
9798
3494
6778
8266
1400
4730
5354
5204
6956
5498
1424
9686
8026
3402
9618
8242
4994
5220
660
7706
8458
6172
264
4240
618
5672
906
438
7544
5802
1592
674
1686
2820
1624
2846
7990
3586
4546
2368
2664
3124
4176
8210
4450
254
3052
4912
7304
7886
6956
272
3492
8420
5798
7628
8960
6330
4794
7822
7048
9546
5282
1098
8340
7222
6888
5334
3050
5522
3028
3688
9322
2910
7364
7016
8238
4260
1690
2762
7144
2924
3028
1698
2582
5176
2372
3396
1070
7594
7532
3146
5632
6750
8830
4122
6376
7662
3666
9210
1240
1946
1228
9690
2806
9646
3084
7630
2020
3614
6410
4834
7510
6178
2362
8002
7674
1848
2426
9322
2196
4570
5974
856
3962
5754
6128
8904
2224
6504
5506
1352
5488
6008
1440
1244
4276
7274
7192
2548
7164
8068
8876
7638
2166
8024
8258
1578
1542
3768
9464
3538
206
6440
7186
8120
9000
2576
2376
5556
7168
4046
752
696
1644
5348
4944
5366
8244
3042
5606
4844
5754
4278
4820
1504
2102
6634
1180
5036
3098
3248
6420
4176
1524
1806
5384
1010
618
2422
2632
8572
624
2384
9644
8500
9208
2348
3780
8592
9342
1598
5964
2432
9726
764
5778
4052
9168
472
820
4808
4742
4766
6254
6084
1530
5874
9352
5070
5676
6028
7094
8962
6294
9702
806
4420
8364
2282
294
9234
6614
4928
7306
5670
7514
2938
9440
4958
6672
5214
7850
5718
7024
6448
2616
5310
2514
1132
1230
4992
2068
5422
2916
8678
4026
9108
4868
9578
7202
8212
4690
3588
2104
9804
9896
2490
6424
9328
7492
6904
8160
4574
6820
9568
4146
2158
1876
1248
2636
7344
8788
6954
5366
5456
3564
8016
4998
5836
1062
4466
5016
4864
9354
1230
1460
332
9346
6838
7910
836
6460
1674
536
6270
4298
3334
9942
7806
6640
766
2798
3054
852
6208
5454
4686
9308
9952
6550
3818
4148
7544
8882
8422
2502
4358
250
5494
5506
3002
4588
8330
2576
9332
5942
2228
9556
6160
1586
8908
2564
2496
4152
1218
8084
3878
9730
2088
1448
5634
2558
4030
8538
6166
8744
5226
1530
5200
9248
4976
7540
7568
5570
4394
9450
4938
476
9444
4778
8484
4988
8456
7750
6164
7758
2748
9170
3322
9502
1980
6726
8602
4594
1136
1886
9284
7612
1568
6554
5002
5378
7852
1304
6674
1820
7574
9954
4796
4506
726
8962
7188
9094
8818
6120
7562
944
6012
6414
6644
390
8702
1384
7682
5050
2548
8470
6652
4630
1970
7232
8462
3388
1790
6260
3266
1238
2196
3670
3734
3754
8908
7164
5074
9916
2668
230
6980
3430
6976
3018
3224
6370
9544
2600
5902
9512
4766
1678
5344
9598
9284
2768
4608
4258
6462
234
4100
7862
9354
6098
738
5782
952
3014
7926
216
9192
626
942
2460
1284
9582
1214
1336
2650
9836
5558
8120
1884
6684
7044
7132
8196
5448
220
8492
6838
3314
1388
9096
828
8454
1140
5106
1142
8284
3086
6000
7186
3952
1650
4454
7848
9362
5346
3916
408
4378
3106
8980
7302
1962
2660
7518
3378
9956
1124
7172
9924
7812
698
8136
3404
7826
3300
2024
7244
542
7618
278
8278
8090
6554
4772
4872
4570
8202
6714
1096
3290
402
4960
3490
8102
6490
5178
7854
2196
8380
7154
532
7332
2628
8034
6644
6188
710
2022
2360
9016
7790
2438
408
3666
5138
660
1230
8760
8964
4154
4698
3950
5708
8758
8402
9546
754
7914
6876
7684
6946
6892
7282
5628
322
2046
3262
7532
7270
5180
3408
1130
1838
7016
2240
2986
9094
7274
7248
1490
9254
2830
7498
3628
4024
8774
730
9724
8416
4414
9434
960
1272
7702
8368
8486
2784
9744
4716
1080
1926
1098
5928
9206
3730
5366
2814
6714
9880
4216
8556
1896
7596
2076
8176
6314
6452
4058
8636
2780
6294
5832
1076
8932
4176
3646
4912
3306
9180
7710
5384
5820
3276
3880
1122
940
5280
4976
318
2302
4070
7358
9366
6364
9046
1770
4914
5338
594
4314
8840
7242
3200
6572
1890
4126
5924
7150
1218
3696
9920
978
9018
9776
256
5460
7756
2372
1282
3762
914
7256
7066
7920
1782
1474
3954
3674
4056
1162
7880
1918
8810
6418
4212
9064
6292
496
5632
9476
3728
556
7752
9416
7440
8706
2238
1654
2100
2372
7368
1700
4598
2204
7680
5732
8658
8918
682
4852
8066
3822
2448
1616
7012
1360
3578
9652
6530
4566
9844
1562
9916
6164
1176
4220
6392
7590
6678
3420
3488
3180
7138
1438
1422
2254
6486
6462
5794
9964
1510
7104
4558
7552
4230
3352
6274
4404
1644
8296
1512
2650
1084
8782
5134
8954
7698
8500
7080
6924
2632
1050
9192
7922
1524
9948
3392
1672
3368
1720
374
1836
6104
7760
1374
4792
6452
8862
4586
3930
5118
5804
3172
7556
8678
7240
1874
1232
1686
3584
4932
4110
3106
4684
9686
9450
8646
8948
5640
9596
9458
6030
2044
8908
9082
9480
5058
3552
7906
6772
7786
8126
7554
8118
5950
3174
5550
7816
1118
6362
4800
8274
1986
5012
9118
8216
1412
206
9170
7294
3170
1028
9014
564
7244
3726
1698
7114
3954
8654
5662
8454
3340
9656
2360
7020
9410
7608
6960
2746
7056
1604
9960
5528
820
7874
404
5048
5816
4536
3118
2882
8366
2124
3680
8248
4830
2110
3784
4862
3678
7974
3250
3854
3868
7990
5898
2030
2848
4948
3642
4100
1386
5892
8190
5928
6488
730
6474
4888
1304
7690
6850
796
7206
376
822
8736
7872
5272
6532
6684
1114
6438
5028
8150
8402
5594
8986
1534
4230
3658
3440
5580
1684
9566
7810
3616
4208
388
7132
2670
8212
6484
8964
8854
6440
3080
4256
1978
8766
4880
1280
2356
1372
5414
524
8024
3924
360
4752
3796
350
8080
1648
4054
7268
1818
2868
7018
7824
2274
3312
1170
546
3202
9390
5994
3038
4424
1004
6386
2596
9876
6448
9072
1018
468
6228
9738
406
1496
1014
1120
7694
6746
8650
1288
3516
2310
3876
4620
4974
4318
6552
4922
3380
6680
3728
1346
1940
1986
8152
1142
5768
8008
3032
9156
5214
5854
5532
620
5606
4428
342
4892
2420
5780
2786
8262
3134
8680
3986
2710
3508
7738
4038
5798
5052
5544
1660
9332
456
5692
2750
6280
8336
1892
1662
3166
6854
1308
5468
6164
5308
8720
4174
3752
4606
6534
564
3190
8296
1622
9964
1642
8516
4688
4170
5986
4042
856
4468
7044
2132
3536
9302
5848
8932
1498
3752
6080
8602
6884
3676
9684
1680
4012
5964
6556
6268
912
9800
2498
5418
2606
2504
8174
9318
1884
8554
9786
6944
7880
7672
4848
4582
7428
8746
9398
2284
4824
9692
9254
1272
1848
1480
4422
8906
8802
3736
2630
5422
7782
6056
8588
5506
8634
6668
7850
8110
8964
1020
3920
8646
3712
8392
8296
1508
3620
6454
2606
6646
4592
7902
4958
3526
7800
6620
6358
7816
8168
296
4484
8198
7028
6934
6474
2932
3424
784
5998
1474
2136
3756
6542
2212
772
3530
4582
2818
580
4900
1472
8118
2910
7678
5898
6846
6432
9484
7626
1338
9702
782
3406
8300
9350
9386
8702
5536
4582
232
3996
8324
3524
1098
1158
7574
4022
2728
494
6806
9204
2952
6812
7748
2504
228
502
8480
7312
260
6912
7572
2238
4196
6810
5292
1578
1730
258
7298
5654
5878
2038
8528
326
4208
6596
8322
2978
2466
3232
6410
4194
9874
502
8816
9144
474
4076
1418
1320
7348
8008
1350
3918
7254
3580
1908
9812
6474
9548
8452
7538
7582
5888
7224
6964
7674
558
5626
1790
1312
7232
6072
9248
6934
6780
3414
1748
9910
6548
1556
894
2634
1800
1980
8712
8262
6170
5712
1210
5178
4152
3626
2648
5520
7182
5722
3190
6116
6746
5402
2156
9788
8134
6878
6988
4440
1998
6220
9618
7038
406
5830
2734
3126
388
3858
1328
8730
2130
1066
7594
9512
1650
2086
2878
6996
5940
6856
8438
3244
3130
4140
9696
3130
9160
2728
1280
4410
492
5374
7844
7606
6322
548
9208
4714
4362
1236
5246
2690
246
4042
3468
5358
9420
1772
3410
9380
1002
896
1884
8262
6026
4540
1122
8866
5540
9350
620
1116
7176
7140
2440
3898
6098
612
3476
5224
5508
9410
1766
8902
2326
6638
928
786
1834
336
9698
4152
6112
5152
3166
5022
5710
8942
7306
1496
5074
396
2658
4570
3852
296
928
7438
5462
5942
8212
3484
3506
7896
6362
930
2126
2110
1204
524
1254
4216
7606
4054
8378
6488
8628
758
7532
7824
3542
8734
3602
218
2338
5792
398
2146
3512
7686
8622
6948
7118
390
8524
9586
8172
7720
8772
1450
8436
3396
1830
6602
3218
5370
7518
6112
2500
3618
1228
6234
7916
5832
1492
5902
9992
4016
2712
9614
6962
6378
5580
7554
2044
5786
8576
5010
3856
3624
1938
922
9992
1412
3424
2720
1416
6672
9386
6724
4996
3244
4048
878
4730
5738
9646
6566
3890
3386
7198
9870
3718
1082
2790
3404
4912
4032
2652
8974
8364
8628
6706
8422
6174
5290
856
2004
1560
7748
1728
8070
3394
6198
6768
882
9238
2520
4222
5242
7476
6652
7516
4934
5254
1040
5234
936
3906
2864
3790
5554
6510
4368
3634
9104
8496
3212
6098
3632
870
3906
7932
1464
362
1920
6230
3950
8122
760
4616
452
2402
5782
1942
4306
2082
380
2334
2018
8080
7972
